0,273
0,270
3,2
3,1
3,3
10,232
10,18
10,24
10,174
10,112
10,150
10,236
10,286
11,13
9,2
9,3
8,6
8,5
8,7
8,9
8,17
8,14
8,2
8,3
365919,18
365919,17
365919,16
365919,15
365919,14
365919,13
365919,12
365919,11
365919,10
365919,9
365919,8
365919,7
365919,6
365919,5
365919,4
365919,3
365919,2
365919,1
365919,0
365915,11
365915,10
365915,9
365915,8
365915,7
365915,6
365915,5
365915,4
365915,3
365915,2
365915,1
365915,0
365911,28
365911,27
365911,26
365911,25
365911,24
365911,23
365911,22
365911,21
365911,20
365911,19
365911,18
365911,17
365911,16
365911,15
365911,14
365911,13
365911,12
365911,11
365911,10
365911,9
365911,8
365911,7
365911,6
365911,5
365911,4
365911,3
365911,2
365911,1
365905,3
365905,1
365903,3
365903,1
365901,3
365901,1
917,3
917,1
20,3
20,2
20,1
19,3
19,2
19,1
12,3
12,2
12,1
11,29
11,28
11,27
11,26
11,25
11,24
11,22
11,21
11,20
11,19
11,18
11,17
11,16
11,15
11,14
11,11
11,9
11,8
11,7
11,5
11,4
